"m"	[ 0 , 4 , 2 ]
"m"	[ 0 , 6 , 1 ]
"m"	[ 0 , 8 , 1 ]
"m"	[ 0 , 9 , 3 ]
"m"	[ 0 , 19 , 2 ]
"m"	[ 1 , 1 , 2 ]
"m"	[ 1 , 2 , 2 ]
"m"	[ 1 , 3 , 1 ]
"m"	[ 1 , 4 , 1 ]
"m"	[ 1 , 9 , 2 ]
"m"	[ 1 , 14 , 2 ]
"m"	[ 2 , 3 , 3 ]
"m"	[ 2 , 5 , 1 ]
"m"	[ 2 , 14 , 1 ]
"m"	[ 2 , 17 , 2 ]
"m"	[ 2 , 18 , 1 ]
"m"	[ 2 , 19 , 2 ]
"m"	[ 3 , 4 , 3 ]
"m"	[ 3 , 5 , 3 ]
"m"	[ 4 , 1 , 3 ]
"m"	[ 4 , 3 , 3 ]
"m"	[ 4 , 6 , 1 ]
"m"	[ 4 , 9 , 3 ]
"m"	[ 4 , 11 , 3 ]
"m"	[ 4 , 14 , 1 ]
"m"	[ 4 , 18 , 1 ]
"m"	[ 5 , 0 , 2 ]
"m"	[ 5 , 1 , 3 ]
"m"	[ 5 , 2 , 2 ]
"m"	[ 5 , 7 , 3 ]
"m"	[ 5 , 11 , 3 ]
"m"	[ 5 , 14 , 2 ]
"m"	[ 6 , 1 , 3 ]
"m"	[ 6 , 3 , 3 ]
"m"	[ 6 , 9 , 3 ]
"m"	[ 6 , 10 , 3 ]
"m"	[ 6 , 19 , 1 ]
"m"	[ 7 , 0 , 1 ]
"m"	[ 7 , 3 , 3 ]
"m"	[ 7 , 4 , 1 ]
"m"	[ 7 , 8 , 3 ]
"m"	[ 7 , 14 , 2 ]
"m"	[ 7 , 15 , 2 ]
"m"	[ 8 , 0 , 3 ]
"m"	[ 8 , 6 , 3 ]
"m"	[ 8 , 8 , 1 ]
"m"	[ 8 , 14 , 1 ]
"m"	[ 9 , 4 , 3 ]
"m"	[ 9 , 10 , 2 ]
"m"	[ 9 , 12 , 3 ]
"m"	[ 9 , 14 , 2 ]
"m"	[ 10 , 3 , 1 ]
"m"	[ 10 , 7 , 3 ]
"m"	[ 10 , 9 , 2 ]
"m"	[ 10 , 12 , 2 ]
"m"	[ 10 , 16 , 1 ]
"m"	[ 10 , 18 , 1 ]
"m"	[ 10 , 19 , 3 ]
"m"	[ 11 , 0 , 2 ]
"m"	[ 11 , 9 , 1 ]
"m"	[ 11 , 10 , 1 ]
"m"	[ 11 , 17 , 2 ]
"m"	[ 11 , 18 , 1 ]
"m"	[ 12 , 0 , 3 ]
"m"	[ 12 , 3 , 3 ]
"m"	[ 12 , 5 , 2 ]
"m"	[ 12 , 8 , 1 ]
"m"	[ 12 , 11 , 3 ]
"m"	[ 12 , 16 , 3 ]
"m"	[ 13 , 0 , 3 ]
"m"	[ 13 , 9 , 1 ]
"m"	[ 13 , 12 , 3 ]
"m"	[ 13 , 16 , 2 ]
"m"	[ 14 , 5 , 1 ]
"m"	[ 14 , 10 , 1 ]
"m"	[ 14 , 11 , 2 ]
"m"	[ 14 , 15 , 2 ]
"m"	[ 14 , 16 , 2 ]
"m"	[ 15 , 6 , 1 ]
"m"	[ 15 , 7 , 1 ]
"m"	[ 15 , 10 , 2 ]
"m"	[ 15 , 11 , 2 ]
"m"	[ 15 , 16 , 1 ]
"m"	[ 16 , 0 , 3 ]
"m"	[ 16 , 3 , 1 ]
"m"	[ 16 , 10 , 3 ]
"m"	[ 17 , 3 , 3 ]
"m"	[ 17 , 5 , 3 ]
"m"	[ 17 , 6 , 1 ]
"m"	[ 17 , 7 , 3 ]
"m"	[ 17 , 10 , 2 ]
"m"	[ 17 , 11 , 1 ]
"m"	[ 17 , 12 , 3 ]
"m"	[ 17 , 18 , 1 ]
"m"	[ 17 , 19 , 2 ]
"m"	[ 18 , 5 , 1 ]
"m"	[ 18 , 7 , 1 ]
"m"	[ 18 , 9 , 2 ]
"m"	[ 18 , 15 , 1 ]
"m"	[ 18 , 16 , 2 ]
"m"	[ 18 , 17 , 2 ]
"m"	[ 19 , 9 , 2 ]
"m"	[ 19 , 10 , 1 ]
"m"	[ 19 , 13 , 2 ]
"m"	[ 19 , 15 , 3 ]
